
target: identifier
255    1
269    1
279    0
262    0
278    1
271    0
280    1
265    0
264    1
268    0
277    1
254    0
266    1
256    1
261    1
276    1
273    1
253    1
270    1
282    1
263    1
260    1
275    1
259    1
267    0
274    1
258    1
281    0
283    0
272    1
      ..
161    0
177    0
138    0
148    0
178    1
168    1
152    0
185    0
176    1
143    1
166    0
162    1
160    1
135    1
173    1
141    1
196    1
181    0
137    1
144    1
165    1
179    0
174    1
169    1
175    0
190    1
170    1
155    1
147    1
172    1
Name: recommendation, Length: 284, dtype: int64